lastlocation:
  world: world
  x: -307.5
  y: 64.0
  z: 198.5
  yaw: 0.0
  pitch: 0.0
lastAccountName: CrispyBowV3
timestamps:
  login: 1499011458682
  logout: 1499010937849
ipAddress: 127.0.0.1
logoutlocation:
  world: Lobby
  x: 15.972384491916076
  y: 178.0
  z: -80.4161823539549
  yaw: -82.69987
  pitch: -2.129658
