lastAccountName: The_Best
timestamps:
  login: 1502950633716
  logout: 1502951190886
ipAddress: 192.168.1.109
lastlocation:
  world: world
  x: -307.5
  y: 64.0
  z: 198.5
  yaw: 0.0
  pitch: 0.0
logoutlocation:
  world: Lobby
  x: -40.14099085903603
  y: 71.0
  z: 0.7747064446565715
  yaw: -82.99808
  pitch: 5.399999
