lastAccountName: mamou_Islemou
timestamps:
  login: 1515875152805
  logout: 1515875467217
ipAddress: 127.0.0.1
lastlocation:
  world: world
  x: -307.5
  y: 64.0
  z: 198.5
  yaw: 0.0
  pitch: 0.0
logoutlocation:
  world: Lobby
  x: -66.5
  y: 22.0
  z: -3.5
  yaw: -0.30685747
  pitch: -8.066612
