lastAccountName: CrispyBow
timestamps:
  login: 1506854275153
  logout: 1506854312073
ipAddress: 127.0.0.1
lastlocation:
  world: world
  x: -307.5
  y: 64.0
  z: 198.5
  yaw: 0.0
  pitch: 0.0
logoutlocation:
  world: Airshow
  x: -0.02787948328254894
  y: 118.0
  z: 0.7977927909905552
  yaw: 260.70044
  pitch: 11.2500105
