lastAccountName: nguoidinhlon
timestamps:
  login: 1505282440808
  lastteleport: 1505283703753
ipAddress: 14.166.135.204
lastlocation:
  world: StoneKeep
  x: -1.3257605085296167
  y: 46.0
  z: -14.836504299433408
  yaw: -160.65045
  pitch: 28.499992
