lastAccountName: CrispyBowV2
timestamps:
  login: 1498996784218
  logout: 1498997519613
ipAddress: 127.0.0.1
logoutlocation:
  world: WaitingLobby
  x: 902.6999999880791
  y: 68.0
  z: 927.6999999880791
  yaw: 181.48947
  pitch: 9.819869
