lastAccountName: verry_manu
timestamps:
  login: 1526664584317
  logout: 1526664588079
ipAddress: 127.0.0.1
lastlocation:
  world: world
  x: -307.5
  y: 64.0
  z: 198.5
  yaw: 0.0
  pitch: 0.0
logoutlocation:
  world: Lobby
  x: -60.62864826514378
  y: 21.0
  z: 0.7990897688618737
  yaw: -52.51216
  pitch: 20.770626
