lastAccountName: PlayBedWars
timestamps:
  login: 1502263025590
  logout: 1502263265608
ipAddress: 192.168.1.107
lastlocation:
  world: world
  x: -307.5
  y: 64.0
  z: 198.5
  yaw: 0.0
  pitch: 0.0
logoutlocation:
  world: Amazon
  x: 0.3617479766561784
  y: 118.0
  z: -1.0496734655090678
  yaw: -264.6
  pitch: -3.4499588
