lastAccountName: BestPVP2
timestamps:
  login: 1502182982914
  logout: 1502184671356
ipAddress: 192.168.1.108
lastlocation:
  world: world
  x: -307.5
  y: 64.0
  z: 198.5
  yaw: 0.0
  pitch: 0.0
logoutlocation:
  world: Lobby
  x: -30.915828003809633
  y: 71.0
  z: 1.5929728966452867
  yaw: -82.6981
  pitch: 19.949987
