lastAccountName: BestPVP
timestamps:
  login: 1502267711392
  logout: 1502268028476
ipAddress: 192.168.1.107
lastlocation:
  world: world
  x: -307.5
  y: 64.0
  z: 198.5
  yaw: 0.0
  pitch: 0.0
logoutlocation:
  world: Lobby
  x: -40.14099085903603
  y: 71.0
  z: 0.7747064446565715
  yaw: -82.99808
  pitch: 5.399999
