world: spawn
x: -4172.5
y: 47.0
z: 1035.5
yaw: 111.55682
pitch: 37.135048
name: map1
