world: spawn
x: 564.5
y: 49.0
z: -1131.5
yaw: 234.93625
pitch: 84.47602
name: map2
