world: spawn
x: 236.5
y: 49.0
z: 141.5
yaw: -39.307602
pitch: 12.580463
name: map5
