world: spawn
x: -73.5
y: 127.0
z: -1361.5
yaw: 178.95558
pitch: 89.848434
name: map7
