world: spawn
x: 421.5
y: 203.00000000476837
z: -1865.5
yaw: -114.48639
pitch: 79.794205
name: map8
