spawns: 
  default: 
    world: Lobby
    x: -66.98733292530434
    y: 22.0
    z: -3.022842044848381
    yaw: -0.30685747
    pitch: -8.066612
