spawns: 
  owner: 
    world: world
    x: -229.5083441771131
    y: 65.0
    z: -737.4965280358864
    yaw: -180.55536
    pitch: 2.7788284
  default: 
    world: world
    x: -229.5083441771131
    y: 65.0
    z: -737.4965280358864
    yaw: -180.55536
    pitch: 2.7788284
