uuid: e1289ed8-a5bb-4774-a2cc-53998e70c59b
timestamps:
  login: 1525173148710
  logout: 1525173181849
ipAddress: 127.0.0.1
lastlocation:
  world: world
  x: -230.0
  y: 65.0
  z: -738.0
  yaw: 0.0
  pitch: 0.0
logoutlocation:
  world: world
  x: -228.40483421312595
  y: 59.0
  z: -759.5467981469202
  yaw: 14.509699
  pitch: -4.3009315
nickname: FRAGAMER010
