socialspy: false
uuid: 2fe3a317-c533-3f2b-b732-d0f164e1a593
timestamps:
  login: 1498968699699
  logout: 1498969750432
ipAddress: 186.153.59.136
lastlocation:
  world: world
  x: -230.0
  y: 65.0
  z: -738.0
  yaw: 0.0
  pitch: 0.0
logoutlocation:
  world: world
  x: -230.7664854399709
  y: 59.0
  z: -770.456937094789
  yaw: 335.80615
  pitch: 4.8133535
