socialspy: false
uuid: 5c044a51-aa1e-3d15-a1b1-7a4252f8edb7
timestamps:
  login: 1498971788220
  logout: 1498971808095
ipAddress: 190.183.23.46
lastlocation:
  world: world
  x: -230.0
  y: 65.0
  z: -738.0
  yaw: 0.0
  pitch: 0.0
logoutlocation:
  world: world
  x: -243.54730091675697
  y: 56.0
  z: -797.6999999880791
  yaw: -179.45723
  pitch: 7.877035
