socialspy: false
uuid: c2b1e01c-a31c-39db-a337-af26745e8161
timestamps:
  login: 1498964837729
  logout: 1498964852856
ipAddress: 187.131.2.142
lastlocation:
  world: world
  x: -230.0
  y: 65.0
  z: -738.0
  yaw: 0.0
  pitch: 0.0
logoutlocation:
  world: world
  x: -229.5438941312521
  y: 59.0
  z: -770.198877058747
  yaw: -179.91975
  pitch: 2.5853832
