socialspy: false
uuid: 25374e96-a108-3a46-bde2-380694790a84
timestamps:
  login: 1498977025028
  logout: 1498977033196
ipAddress: 189.238.125.170
lastlocation:
  world: world
  x: -230.0
  y: 65.0
  z: -738.0
  yaw: 0.0
  pitch: 0.0
logoutlocation:
  world: world
  x: -229.51240199315362
  y: 64.5
  z: -740.9498568413899
  yaw: -180.55536
  pitch: 2.7788284
