socialspy: false
uuid: 26258476-b15a-3334-96ee-f2f66d030202
timestamps:
  login: 1498978134662
  logout: 1498978163146
ipAddress: 190.188.132.52
lastlocation:
  world: world
  x: -230.0
  y: 65.0
  z: -738.0
  yaw: 0.0
  pitch: 0.0
logoutlocation:
  world: world
  x: -229.5083441771131
  y: 65.00000000476837
  z: -737.4965280358864
  yaw: -180.55536
  pitch: 2.7788284
