socialspy: false
uuid: 331562ec-4349-3381-820d-f1a4a2e70831
timestamps:
  login: 1498957446570
  logout: 1498957467243
ipAddress: 167.60.158.238
lastlocation:
  world: world
  x: -230.0
  y: 65.0
  z: -738.0
  yaw: 0.0
  pitch: 0.0
logoutlocation:
  world: world
  x: -242.32671400148826
  y: 56.0
  z: -797.6999999880791
  yaw: -185.65369
  pitch: 9.81956
