socialspy: false
uuid: ea5df277-2327-3dc2-8332-1ceeea0b13fc
timestamps:
  login: 1498960703017
  logout: 1498960750024
ipAddress: 177.237.19.75
lastlocation:
  world: world
  x: -230.0
  y: 65.0
  z: -738.0
  yaw: 0.0
  pitch: 0.0
logoutlocation:
  world: world
  x: -197.15603274387686
  y: 58.0
  z: -770.0284581325124
  yaw: -267.61658
  pitch: 5.4894123
