socialspy: false
uuid: f3796271-3af2-3f13-bc61-bb8d2dde3196
timestamps:
  login: 1498960310538
  logout: 1498960324998
ipAddress: 190.34.27.44
lastlocation:
  world: world
  x: -230.0
  y: 65.0
  z: -738.0
  yaw: 0.0
  pitch: 0.0
logoutlocation:
  world: world
  x: -230.59835073254817
  y: 59.0
  z: -768.9701637777849
  yaw: -183.10535
  pitch: 3.3788285
