socialspy: false
uuid: c652366a-83a4-37ed-8a71-2a90c23667a5
timestamps:
  login: 1498963810065
  logout: 1498963830235
ipAddress: 190.37.44.245
lastlocation:
  world: world
  x: -230.0
  y: 65.0
  z: -738.0
  yaw: 0.0
  pitch: 0.0
logoutlocation:
  world: world
  x: -229.48724742672673
  y: 59.0
  z: -785.2828194258152
  yaw: -300.95474
  pitch: 20.945877
