socialspy: false
uuid: 841865fb-857f-30b8-a74d-d2e1c4abdf7c
timestamps:
  login: 1498959831887
  logout: 1498959859925
ipAddress: 181.113.154.9
lastlocation:
  world: world
  x: -230.0
  y: 65.0
  z: -738.0
  yaw: 0.0
  pitch: 0.0
logoutlocation:
  world: world
  x: -229.5
  y: 65.0
  z: -737.5
  yaw: -180.55536
  pitch: 2.7788284
