socialspy: false
uuid: 9657da3d-bbc6-311a-9517-6cfff22dab2b
timestamps:
  login: 1498964494075
  logout: 1498964522734
ipAddress: 142.129.90.97
lastlocation:
  world: world
  x: -230.0
  y: 65.0
  z: -738.0
  yaw: 0.0
  pitch: 0.0
logoutlocation:
  world: world
  x: -229.5083441771131
  y: 65.00000000476837
  z: -737.4965280358864
  yaw: -180.55536
  pitch: 2.7788284
