socialspy: false
uuid: 04bd8d50-4f7d-33be-b4c8-9951fefb446e
timestamps:
  login: 1498954622834
  logout: 1498954646942
ipAddress: 152.171.112.228
lastlocation:
  world: world
  x: -230.0
  y: 65.0
  z: -738.0
  yaw: 0.0
  pitch: 0.0
logoutlocation:
  world: world
  x: -245.10643799429468
  y: 56.0
  z: -797.6999999880791
  yaw: -200.57475
  pitch: 30.967793
