socialspy: false
uuid: bf71ea7a-9d66-3060-b731-4e64e3239a62
timestamps:
  login: 1498964035458
  logout: 1498964062735
ipAddress: 190.103.220.2
lastlocation:
  world: world
  x: -230.0
  y: 65.0
  z: -738.0
  yaw: 0.0
  pitch: 0.0
logoutlocation:
  world: world
  x: -229.5046156419972
  y: 59.0
  z: -781.6343920412477
  yaw: -178.91763
  pitch: 6.5583344
