socialspy: false
uuid: 043509c8-c306-3616-af6c-58a4b5a120c0
timestamps:
  login: 1498959370780
  logout: 1498959374952
ipAddress: 190.235.105.218
lastlocation:
  world: world
  x: -230.0
  y: 65.0
  z: -738.0
  yaw: 0.0
  pitch: 0.0
logoutlocation:
  world: world
  x: -229.5083441771131
  y: 65.00000000476837
  z: -737.4965280358864
  yaw: -180.55536
  pitch: 2.7788284
