socialspy: false
uuid: 69a11b89-bc4c-3856-8c66-eec7435b57fe
timestamps:
  login: 1498955972321
  logout: 1498955987084
ipAddress: 190.233.206.156
lastlocation:
  world: world
  x: -230.0
  y: 65.0
  z: -738.0
  yaw: 0.0
  pitch: 0.0
logoutlocation:
  world: world
  x: -244.7944831482848
  y: 56.52979159996485
  z: -797.6999999880791
  yaw: -179.80577
  pitch: 34.259647
