socialspy: false
uuid: bfcad59c-2b32-3009-850a-9203382e89cb
timestamps:
  login: 1498972919422
  logout: 1498972938096
ipAddress: 187.161.112.85
lastlocation:
  world: world
  x: -230.0
  y: 65.0
  z: -738.0
  yaw: 0.0
  pitch: 0.0
logoutlocation:
  world: world
  x: -243.1165277212702
  y: 56.0
  z: -797.6999999880791
  yaw: -173.7449
  pitch: 28.815332
