socialspy: false
uuid: 254ed018-1e89-3839-8e38-fc1d4d44b750
timestamps:
  login: 1498982615371
  logout: 1498982628322
ipAddress: 138.186.120.180
lastlocation:
  world: world
  x: -230.0
  y: 65.0
  z: -738.0
  yaw: 0.0
  pitch: 0.0
logoutlocation:
  world: world
  x: -229.519582214838
  y: 61.0
  z: -747.7930490204153
  yaw: -181.18398
  pitch: 5.031485
