socialspy: false
uuid: 80ddda63-c943-3d1b-bb6f-d9e124b31c7f
timestamps:
  login: 1498961062429
  logout: 1498961070098
ipAddress: 200.120.224.187
lastlocation:
  world: world
  x: -230.0
  y: 65.0
  z: -738.0
  yaw: 0.0
  pitch: 0.0
logoutlocation:
  world: world
  x: -229.42731705183414
  y: 59.0
  z: -758.4687945141104
  yaw: -178.21573
  pitch: 12.5761795
