socialspy: false
uuid: 5521dc4a-698f-33ba-8bbc-16c2b02e9650
timestamps:
  login: 1498974081170
  logout: 1498974090620
ipAddress: 190.218.121.240
lastlocation:
  world: world
  x: -230.0
  y: 65.0
  z: -738.0
  yaw: 0.0
  pitch: 0.0
logoutlocation:
  world: world
  x: -229.5
  y: 65.00000000476837
  z: -737.5
  yaw: -180.55536
  pitch: 2.7788284
